2023-02-23 16:41:56,024 ../data/raw/housing
2023-02-23 16:42:23,155 ../data/raw/housing
2023-02-23 16:42:25,417                     longitude  latitude  housing_median_age  ...  households  median_income  median_house_value
longitude            1.000000 -0.924478           -0.105823  ...    0.063146      -0.019615           -0.047466
latitude            -0.924478  1.000000            0.005737  ...   -0.077765      -0.075146           -0.142673
housing_median_age  -0.105823  0.005737            1.000000  ...   -0.306473      -0.111315            0.114146
total_rooms          0.048909 -0.039245           -0.364535  ...    0.918396       0.200133            0.135140
total_bedrooms       0.076686 -0.072550           -0.325101  ...    0.980167      -0.009643            0.047781
population           0.108071 -0.115290           -0.298737  ...    0.904639       0.002421           -0.026882
households           0.063146 -0.077765           -0.306473  ...    1.000000       0.010869            0.064590
median_income       -0.019615 -0.075146           -0.111315  ...    0.010869       1.000000            0.687151
median_house_value  -0.047466 -0.142673            0.114146  ...    0.064590       0.687151            1.000000

[9 rows x 9 columns]
2023-02-23 16:42:25,596 ../data/processed/housing
2023-02-23 16:42:25,602 ../data/processed/housing
2023-02-23 16:42:25,634 ../artifacts/housing/
2023-02-23 16:42:39,880 ../data/raw/housing
2023-02-23 16:42:40,829                     longitude  latitude  housing_median_age  ...  households  median_income  median_house_value
longitude            1.000000 -0.924478           -0.105823  ...    0.063146      -0.019615           -0.047466
latitude            -0.924478  1.000000            0.005737  ...   -0.077765      -0.075146           -0.142673
housing_median_age  -0.105823  0.005737            1.000000  ...   -0.306473      -0.111315            0.114146
total_rooms          0.048909 -0.039245           -0.364535  ...    0.918396       0.200133            0.135140
total_bedrooms       0.076686 -0.072550           -0.325101  ...    0.980167      -0.009643            0.047781
population           0.108071 -0.115290           -0.298737  ...    0.904639       0.002421           -0.026882
households           0.063146 -0.077765           -0.306473  ...    1.000000       0.010869            0.064590
median_income       -0.019615 -0.075146           -0.111315  ...    0.010869       1.000000            0.687151
median_house_value  -0.047466 -0.142673            0.114146  ...    0.064590       0.687151            1.000000

[9 rows x 9 columns]
2023-02-23 16:42:41,004 ../data/processed/housing
2023-02-23 16:42:41,010 ../data/processed/housing
2023-02-23 16:42:41,042 ../artifacts/housing/
2023-02-23 16:45:57,106 lin_mse - 2225137282.6875467
2023-02-23 16:45:57,107 lin_rmse - 47171.36083141493
2023-02-23 16:45:57,107 lin_mae - 24558.974789521482
2023-02-23 16:45:57,113 tree_mse - 2259784005.371124
2023-02-23 16:45:57,113 tree_rmse - 47537.185501153974
2023-02-23 16:45:57,113 tree_mae - 21676.40649224806
2023-02-23 16:45:57,180 random_forest_final_mse - 1052195417.7675304
2023-02-23 16:45:57,180 random_forest__final_rmse - 32437.561834508007
2023-02-23 16:45:57,180 random_forest__final_mae - 15675.596192667907
